1000
260408153657.288482666016 40617867.651724822819 96860287298.613311767578
394377105846.129211425781 7045808.728257291950 523136641772.241027832031
312235470605.636901855469 35666934.191287197173 160802252726.439819335938
24432955841.339805603027 4198379.075728623196 176593728600.680358886719
57487124792.913986206055 30093556.523833926767 379935654506.088928222656
138850020361.963989257812 96735409.860139220953 27227806392.318012237549
401028868971.633605957031 27261280.827892322093 20866728723.678436279297
124480380239.043975830078 2055260.655941081233 63434463517.932044982910
982434844632.891235351562 1043184.338786881650 71327004503.745590209961
241816656097.044921875000 3259100.471638452262 195689486352.385925292969
23555941879.261402130127 3536658.992840489838 392175442933.243957519531
772697772136.837768554688 10344534.615219045430 803469707675.219482421875
532415470487.483093261719 26739122.273971788585 630558879075.045410156250
176146659665.303588867188 71735819.614546015859 10448583308.129344940186
79643342585.133438110352 11129935.121534949169 323661564643.963500976562
825925397471.966918945312 78619815.764762938023 777269021839.847045898438
673893769900.708862304688 32203081.628716330975 17870686761.338943481445
833857125695.581787109375 57282578.546891272068 618251500188.986938476562
231257922601.479888916016 79780441.430024445057 34153469793.617473602295
149191422496.833007812500 23045953.920598428696 43735893110.963523864746
925004245093.388183593750 88588528.091474413872 43775508196.248672485352
65157561922.402854919434 9198488.718433082104 217356544643.626098632812
836499196370.890136718750 17757378.479334212840 175726419085.417236328125
276413205504.018554687500 10708089.308290889487 334794550981.949645996094
739201369767.994995117188 3230444.663504688069 13269630680.617689132690
976973874993.932617187500 29355419.892044208944 481011614983.900024414062
301781884696.368408203125 22729274.602024409920 553927883543.315795898438
31441717098.879379272461 31351894.187857486308 22681070235.160167694092
688806878807.097778320312 32217602.974010352045 425213648693.614562988281
322612103917.662841796875 4424010.171622272581 340238631014.849365234375
391658405070.087646484375 73374972.597520574927 226051170602.695343017578
102038214518.324111938477 5899706.288547208533 679770360554.551757812500
932731334833.668579101562 86124076.298331975937 132059741700.062500000000
543655059958.221191406250 73456201.179502874613 195523591927.166992187500
35727463714.375793457031 12886602.080126475543 586149546064.321655273438
570289037458.676025390625 10466327.128815716133 86099921348.150161743164
135562189795.044113159180 17143779.750392749906 547456569273.292541503906
863050431233.765747070312 20385040.246618613601 221102391677.298126220703
714890121079.086059570312 68565606.107746809721 135341353925.086853027344
254506706373.176910400391 48016510.215448625386 885876552110.283447265625
924491780412.561889648438 29182426.946481872350 59718313662.862861633301
235368228716.388488769531 91021759.620313659310 116580060125.397720336914
32087186818.487091064453 62022567.951813459396 222456827854.437286376953
80230871809.298095703125 40104884.123915717006 863650854990.174316406250
10007821128.653604507446 36421413.171543046832 179259703475.681304931641
58228875686.173194885254 88555893.721687093377 607720126761.939941406250
997928599787.120239257812 88283687.168168410659 101783609423.710083007812
23295702913.231399536133 9184655.341741338372 474603592014.232788085938
531440174772.320373535156 23389849.244986411184 430280888580.588073730469
53410872997.805618286133 6082472.274059596471 10724410144.977985382080
239355258027.401947021484 80422131.128574460745 716401151482.615966796875
521278837712.780700683594 5211693.774532632902 101798064794.448120117188
359157542648.646667480469 95262816.986627921462 305307046753.057006835938
602187852682.323730468750 25583842.286715395749 135024331571.078033447266
166063977104.889373779297 92189012.522969901562 639786443417.978149414062
134108979679.327041625977 18585031.479516718537 347016455193.212646484375
144868117733.778900146484 50675963.155010633171 309737010912.246215820312
45700240171.061019897461 30734955.606858097017 198442139054.465606689453
227889932468.650573730469 8850927.203079622239 548235999960.455993652344
168766726933.924743652344 17054783.853638440371 29720745607.055358886719
77694102771.551162719727 81747896.220646679401 697821793602.571289062500
657424993981.725219726562 64436897.167427733541 177325638680.059112548828
92516971372.632690429688 60966769.010721556842 42145602621.899368286133
129524570098.638854980469 15661633.070278735831 502212818817.081054687500
155647979334.900878906250 37496242.124242946506 302068725027.115295410156
322994867383.987792968750 4331806.235042687505 130300790559.552047729492
289270752272.271179199219 5515662.348810773343 853654335710.642211914062
151781004690.727478027344 90556812.205959171057 905885480583.866821289062
494473692436.038818359375 76811983.759198933840 801704919989.936279296875
406734924725.783752441406 13799509.986382490024 815450583680.150634765625
362579982346.945617675781 19231807.536455910653 647767362822.481567382812
369671568422.738220214844 50502103.614011906087 148866820687.712677001953
244026459965.238311767578 19819530.249951608479 397471596748.645202636719
307414422147.417663574219 15897149.817129001021 85695702333.788085937500
202355567663.139068603516 1104236.185986545170 35317169973.676902770996
361446239996.736022949219 19657099.982581149787 973519460960.126464843750
295239244132.445251464844 60029212.318431451917 426886532779.684753417969
882428680319.316040039062 6267941.357244490646 277068763574.929016113281
333093461843.394958496094 1373903.693319504149 60422594937.986236572266
144689513449.039520263672 2547708.038639139850 326157337922.070800781250
175556551924.174835205078 87831353.308783635497 23411341264.537803649902
634949700201.710693359375 28598208.452169314027 755054130685.266113281250
278229582348.977233886719 1869331.490535600344 271432065965.513458251953
745134817103.662597656250 1888852.628073622705 382338012694.586669921875
13869866645.078403472900 61596336.686655558646 37604376885.510406494141
31413083906.617958068848 16691048.452186560258 41485434857.029701232910
670834531835.112182617188 7475171.628457521088 451341799331.934265136719
818400144325.184082031250 85994947.890385225415 218649695471.204742431641
584030158763.758300781250 27184067.169366322458 127005829844.985519409180
558900191889.068115234375 3654400.408114932012 839942870932.896728515625
147147437111.940246582031 28456290.975425072014 196392067220.810913085938
138370279492.107391357422 6712217.073916302063 853322904657.905761718750
223847402831.271057128906 9784385.000960025936 136023106419.741012573242
151346415993.132904052734 14827324.596527308226 606140913749.371337890625
266001252939.066650390625 5713254.619541571476 277494640915.315246582031
845609312266.951660156250 43278365.966697663069 726623322343.853149414062
631365009158.548706054688 8735535.006157822907 702791605633.288940429688
207138214013.867218017578 2007255.565945660928 77345153188.521163940430
142648374153.110809326172 30868642.740290470421 236644923299.796508789062
537094914732.554321289062 16075163.347151048481 563385468194.406372070312
403457787758.259399414062 8643886.711177539080 384032627456.802856445312
981460595254.198730468750 30546570.330707237124 772043794511.691406250000
709626478624.036376953125 1304770.906551175984 90444774959.582901000977
282804754204.385620117188 16518715.514417953789 740636432364.797973632812
673800105645.051757812500 24413746.035959314555 153069535730.640411376953
161715210718.336822509766 18425684.080871716142 46400025295.035804748535
272956528029.141906738281 19571521.266908861697 149079953698.865295410156
14656067406.564516067505 97454880.697637319565 564420353711.931030273438
590546545115.289184570312 1412704.563984800130 632665633337.507446289062
310768337811.203979492188 99137188.979620680213 212017234113.637268066406
339915228509.979980468750 6355972.841286031529 99292645175.096008300781
46538489733.218605041504 65080880.103511072695 816735820556.640625000000
952601706061.422607421875 49095401.791083209217 178485766942.626098632812
564995784793.860229492188 58753319.107193671167 60123908011.132896423340
613787161714.707153320312 42163725.258404806256 145928559587.617004394531
14737956358.000225067139 50913019.690189272165 300430555298.549743652344
419850589650.511413574219 69579195.026668801904 144193767128.359924316406
380260717680.231567382812 1885231.015280122869 349657648861.570617675781
596175224296.345581054688 89316989.894721552730 193757086331.897857666016
587621798038.424316406250 32726627.936419874430 658589669745.602905273438
261281749562.280242919922 53616250.242865480483 622214877238.984252929688
185689607400.808898925781 35313889.092804923654 926026532617.820312500000
208569395935.180206298828 17225298.873703841120 123063217691.898269653320
218476881316.991271972656 99031485.874304845929 412719057074.708129882812
652893102868.323974609375 22528407.508387200534 36490709940.023887634277
78650068850.870407104492 73505687.413226723671 201424731512.646911621094
389208568850.662292480469 63003038.366738803685 693305834321.112792968750
422734893238.758239746094 17283930.275848623365 18152559307.696357727051
182080059483.976806640625 31733167.681064400822 99403783110.159042358398
66150663058.034942626953 44598031.080761030316 158663369653.701263427734
718537391560.890869140625 9589549.775188030675 713080507903.611206054688
567471305173.589477539062 1036863.243649632321 162794584442.215881347656
640171355468.268066406250 55905666.427344448864 63132816769.902915954590
345708929041.411376953125 22148378.020532067865 527455915992.129638671875
230919842975.275177001953 2875739.369716260117 108233348253.233627319336
543161422192.429931640625 19681945.837797887623 361834933842.100158691406
104721078821.300491333008 35063227.843525208533 16321346668.260675430298
38499522532.554298400879 7879857.737777066417 683454395942.982055664062
356277485870.344360351562 6590229.138222104870 112712416421.436614990234
658806072066.340454101562 32502337.453005336225 73404536599.136657714844
381000522836.750488281250 66817528.637665078044 574473569610.480346679688
32046810961.445362091064 5046034.140683443286 253788252143.932098388672
811195909293.894165039062 8594449.649027472362 184839736971.066223144531
604627235052.840087890625 14416353.928278760985 893700184542.551879882812
48002483624.385475158691 19989945.174435727298 753234744486.450561523438
905816346495.383911132812 63909710.746815308928 40882434259.790603637695
73976580570.022308349609 79115522.648666471243 858699129970.680908203125
185508842879.390625000000 5612747.484961488284 792433024936.307250976562
15386128251.333889007568 24234674.340458407998 220603715535.351165771484
86551153439.459060668945 38788926.551245950162 875730369164.152832031250
555894929938.802612304688 71939794.174385011196 51284445021.118865966797
264517960717.105224609375 3444927.690346689429 10500890138.770200729370
150122885003.646911621094 39583148.034705162048 49527943901.075019836426
23176268889.726680755615 32348620.629687648267 75121764972.250000000000
246086234644.073577880859 38838360.950975887477 935775361320.200073242188
549962343102.691528320312 46840081.814184844494 25243985320.506484985352
265476995768.181610107422 63587035.369006238878 871419710881.849609375000
531921095100.565734863281 21472285.290137276053 92653046851.536895751953
863935715702.104858398438 2683919.811779981945 95477036189.139404296875
467906179585.422485351562 15735526.675497487187 856975703340.151733398438
363346706139.300842285156 5477615.487033585086 383265132778.155700683594
175134958968.881500244141 8145150.411761579104 524751781470.100952148438
282803884190.231079101562 29492852.988419357687 107970933989.097488403320
92071045985.916305541992 7158423.751612685621 432205178433.228210449219
776280711371.571777343750 12125762.596151163802 584801586383.257690429688
91309013867.306610107422 10677374.513027545065 695994275970.645874023438
769552117713.992919921875 1459383.521967280656 88519485674.795532226562
642744236241.435913085938 6478081.574385304935 55469073593.925292968750
534510909372.400939941406 24469176.750564441085 327807754123.200378417969
168604173990.156982421875 23574233.098950948566 79789477161.377334594727
856190368263.246948242188 32129877.810043729842 277522578741.757934570312
241208296765.529785156250 33286983.243302308023 378116414784.594360351562
232661256242.876159667969 22388542.288969431072 796492210842.159179687500
867688155130.831298828125 98001917.410643577576 631558737435.476684570312
207991092096.643188476562 18259148.590256251395 612451919472.769531250000
226393129153.936889648438 82811999.100064814091 149447276423.996765136719
894896406555.246704101562 79552863.762162268162 85145734318.656387329102
951522882716.598388671875 90227998.581056639552 28868016893.680831909180
317777595686.134277343750 6929941.262876986526 724034089372.313354492188
226555209748.941955566406 3187421.847772448324 78922981905.334320068359
719939490313.535400390625 4013657.638332249597 749914172783.222412109375
112779773929.000000000000 35914918.489376261830 683969167979.761230468750
484305907407.860778808594 22264681.638887830079 578997383669.338134765625
730694868770.272583007812 16499104.967995539308 57629898758.922958374023
52939810367.094779968262 31839679.361849356443 82496198678.895233154297
199716341386.773651123047 91999496.503114238381 29623800417.235599517822
95493134815.533233642578 32887118.423859722912 169580491050.707336425781
588646577563.760375976562 20224265.121544912457 324112033815.457885742188
42862588971.218040466309 80331951.623703598976 642632132747.126098632812
327155232464.371582031250 7133443.194605422206 60872383802.210433959961
488096308401.376586914062 54264794.809881642461 754320763124.452270507812
417514715162.133728027344 58376603.798084720969 464558072693.070861816406
598164536250.450561523438 24682049.703936431557 834613779085.416015625000
205408825246.014038085938 47559686.079879611731 22452963608.196903228760
644843746278.073242187500 45869274.706419959664 204248265873.585632324219
713468495146.033569335938 75764670.497103109956 672246717936.640991210938
120416006031.909011840820 92856918.976670235395 230925932433.481140136719
390084214796.797241210938 28527687.516276985407 81928098346.799102783203
129116911982.382720947266 17833085.927357297391 194385894104.112640380859
423569914791.445129394531 67439994.628259360790 496538034835.702575683594
104195888319.866653442383 69254416.398760333657 688272399064.229248046875
460017453389.598205566406 51311464.182180367410 836515088593.312133789062
256683747111.474243164062 81934989.101307034492 696653090557.486083984375
941327952510.683837890625 99310006.152819544077 508514479518.448120117188
44267729101.848571777344 5193090.233372677118 20014845706.659557342529
618580269594.585083007812 14989787.394359501079 11626547848.313842773438
833320386728.090209960938 4202726.405049249530 362013776729.101257324219
492539554177.894165039062 39798133.166520342231 71378041848.556259155273
724976778410.085205078125 1080584.678388062166 20884831190.254199981689
204198906342.480377197266 47846201.993947908282 68617888419.626892089844
702885122407.413208007812 55048597.701244607568 96991182448.237487792969
67464307601.722076416016 94692325.773783281446 238667298230.800354003906
949853323267.139282226562 30260880.418200124055 183723752338.887725830078
366603029647.260498046875 8483865.970876827836 26396165887.922966003418
47179625003.116363525391 16233886.864665443078 18181745774.807617187500
110863624853.838607788086 57946723.976823188365 280266777245.612121582031
31078476134.083229064941 2283773.496412809938 372884318985.362060546875
836493749002.503784179688 97760241.935155957937 58109335897.205955505371
450253401507.396118164062 13864371.599107287824 347209558068.459045410156
343527804045.002441406250 4112032.051973159891 331277808920.064392089844
263914261287.643066406250 16595542.698861800134 198372475685.842987060547
831768693495.277343750000 76387169.643006145954 828404605006.022460937500
30731947506.868808746338 68248737.159638762474 829526851642.620605468750
27879479474.649044036865 74673171.607668712735 85633105247.034408569336
900504567099.554443359375 46403748.088719718158 33398038017.192604064941
879766614825.644897460938 50389329.617382749915 849338514451.053222656250
725081921672.560791015625 21495521.281892109662 752225697670.872680664062
879255449053.260864257812 46950902.478748582304 442191382228.926696777344
59991629269.380760192871 77642119.343658983707 555786546749.464965820312
570065852271.918945312500 18622968.450639065355 994601699144.056884765625
768685240636.711181640625 34720551.468169271946 840507497920.641479492188
423443703680.721374511719 77782802.724823057652 76034751330.048004150391
135047849815.622039794922 20518718.953555744141 667519621511.187622070312
826947627745.425659179688 5541310.115001562983 26329850066.151008605957
464438426792.867980957031 23843999.852793149650 423638427042.015319824219
702294106589.770751953125 3702741.603120846208 10442224661.337615966797
10307453546.896900177002 19158689.522719837725 423469251550.012756347656
456753429771.317382812500 58500963.406760059297 217364514198.058288574219
13992153145.018623352051 47216588.450058527291 113671721270.921630859375
930384610998.994018554688 67077259.872814059258 266359637330.971374511719
81762313241.092208862305 52603645.999136403203 473077004221.224304199219
585831635355.824829101562 1280104.088463922730 66566410257.818244934082
296252440130.029846191406 84843837.072783663869 125711771760.156494140625
207123775899.195037841797 13118139.761995509267 245940877607.638763427734
271017530812.220458984375 10295151.821514809504 119220091126.890625000000
11714672355.235599517822 2370016.097345635761 248503476311.512878417969
779576327972.822875976562 5928037.802133563906 672314050346.808105468750
312194956992.439941406250 89471368.473973572254 452932710929.601013183594
90999812619.709487915039 20497117.418468095362 600123128082.708740234375
964420122519.221435546875 25381029.676570855081 162781834783.611480712891
212025297648.354309082031 29562564.019835021347 696158189878.736938476562
50640374067.042251586914 2008911.920848809648 43683430285.802604675293
36415447714.022399902344 6040167.339541535825 627887986576.431884765625
80418509112.317489624023 24830120.176246959716 290610364447.083679199219
114925808426.296463012695 53898201.349075503647 153871260656.747070312500
91132019823.686416625977 81997355.158168822527 361837207618.367309570312
86438683064.820983886719 37680185.364193446934 22746121307.057933807373
32946970984.130027770996 87126016.646453887224 332799009974.923767089844
152013632724.012023925781 50681489.841250486672 153361580605.193023681641
70881390980.061645507812 8681463.887769760564 222454913889.495147705078
776490677008.423095703125 15773679.637524638325 29184516932.605228424072
17977185749.424781799316 55769021.697812080383 640619191292.383666992188
157495753074.163726806641 5370565.649844647385 784445121631.952392578125
77020559119.659973144531 47338891.232930436730 56750751360.602249145508
474725171215.162719726562 41932237.401202149689 901287174138.439941406250
93302333664.850234985352 19493231.368089165539 212387752246.678833007812
200398840818.622711181641 3216416.380575221032 440959223034.331298828125
57738940005.232666015625 5487234.616583785042 393189120312.339477539062
304407352364.237792968750 42217684.671538509429 150778120913.512237548828
715543746153.479736328125 23703474.044420674443 200087134299.488037109375
438222397882.211853027344 41787990.935077920556 31638917256.329124450684
734637046405.187011718750 67427536.332442760468 517094101218.242919921875
986617395647.545654296875 14458372.228100558743 431418013941.859313964844
170786308822.051971435547 91821341.256785169244 520606411065.543640136719
615605887921.335937500000 97595818.382770985365 718980254988.037109375000
454122898973.779357910156 28680678.576681558043 829781577306.075561523438
18447281563.392898559570 34992868.729076705873 438851207250.820922851562
193179048751.360992431641 36645933.606260478497 101679103663.992095947266
259522766016.412933349609 27936795.139176305383 590981059696.055664062500
38548290213.724220275879 18283616.960033234209 905659648648.710449218750
226062124115.368469238281 76062914.593142688274 24973645883.592483520508
733450319398.613769531250 75965217.576907575130 874041396211.079711914062
59052035109.000022888184 22795404.027413692325 774837731599.752929687500
28369201857.380840301514 29494695.121569491923 678072453550.499389648438
733375691394.544799804688 87102626.508831873536 99850647663.723968505859
182723892247.395416259766 54838466.312728010118 223244364893.180938720703
37640939790.078361511230 8122936.340859903954 44563390279.582328796387
193279932956.282745361328 15584014.264689236879 468905641597.989868164062
180530748998.366424560547 18595326.624209407717 46760125102.882820129395
359110494538.174377441406 1037843.840389364166 25044233563.690002441406
894527421605.981567382812 20461450.357516240329 752618706090.783935546875
239724522711.224121093750 44907098.687920808792 277987155050.296386718750
962809314263.454711914062 15472993.871499473229 985259321994.880737304688
472049925198.621032714844 66318027.305333368480 604147281796.497924804688
32504477609.560321807861 1548204.722226562444 961602546120.675781250000
102575321058.487670898438 43200065.857370488346 171853084612.478912353516
701394102952.591552734375 47636273.303692951798 108671176229.203216552734
37266800586.132095336914 58360438.624308168888 95162952037.104888916016
952222447531.699584960938 67769218.260741934180 580687032461.271728515625
18055863677.107879638672 92688029.760273545980 537543316582.983947753906
105771363718.659408569336 10972349.315896468237 643113686742.478149414062
14371862958.117025375366 32497683.256181642413 66515067428.143104553223
70000314788.427093505859 41848312.008676044643 599546224479.512207031250
169767507885.846771240234 33638898.009025000036 335965244957.508056640625
47123072991.465019226074 22504216.048794377595 349086571516.856262207031
112012935396.088897705078 15592840.506508868188 19810837526.454532623291
749777200710.291259765625 12468823.850087951869 49040549830.020103454590
389557768696.388244628906 36022410.366585209966 176488753801.077331542969
128105618282.076293945312 34606595.317097447813 957662817776.560302734375
75028557273.481750488281 39147560.380369275808 78681806782.700637817383
206749134460.562500000000 4044030.264188953210 50666503903.052940368652
881453142426.169555664062 82024136.946568146348 44335290406.680900573730
498431600217.709411621094 2939125.940241925884 129458526949.543945312500
725304705958.836547851562 22115608.787724599242 771738565821.710449218750
760777349017.015258789062 20041741.731904156506 850767722976.421264648438
419358544403.946105957031 68615834.983241721988 586689384402.858154296875
254928016902.145019531250 1753746.626195179997 39304834874.980903625488
478533470663.532775878906 7108487.051008651964 847791712819.163085937500
275295236992.735717773438 40341978.309744939208 584782055515.572753906250
883102806201.307983398438 66216694.170474253595 27212674905.246608734131
669149868682.019409179688 3689327.236872622743 560861189885.795532226562
252323701640.078918457031 93627468.360666871071 330890904691.880676269531
477276343588.498596191406 11783915.022055562586 183325593486.875152587891
701292873831.936157226562 73655155.124886572361 167752482573.808441162109
31211651831.230804443359 15139744.114929407835 130080386978.228561401367
928265056725.916870117188 1648936.232067174511 18872349735.042240142822
220424323071.841369628906 47135112.219602555037 155986363492.188110351562
82279393709.134796142578 34851520.171580113471 287260402126.771301269531
150002547953.037384033203 74415877.692710429430 30856139086.632331848145
252026868626.791717529297 23990289.974695492536 93520242950.153594970703
119488787294.935989379883 34970048.529052495956 324068746190.151794433594
13653464919.233764648438 34686645.485415302217 467183791652.284179687500
58832887275.767051696777 76197430.701249167323 203437870018.683898925781
30368966376.963600158691 28861261.852143622935 451894546939.164489746094
147041446592.066558837891 12795832.351524114609 139487260353.684509277344
390983505969.254028320312 52273262.946630008519 713242384596.283447265625
414396770267.891784667969 2814330.754954758566 17629904073.967201232910
78585560388.270248413086 21141516.086331389844 318659066809.098388671875
143104267556.815002441406 18734282.518621828407 462433796617.522460937500
392867583218.666931152344 49927132.458936095238 832774297008.631713867188
78965140308.272705078125 87557049.610617756844 896222804334.440673828125
884884579862.275512695312 2029718.858111280249 29848394479.400634765625
112941155522.361724853516 3449968.490466446150 710062109972.956298828125
660465891050.156616210938 58118212.862782642245 361634398040.527954101562
989734634523.521972656250 49099560.141247309744 407137348579.361450195312
602703596856.976318359375 19977306.192212041467 135852041283.292160034180
750170533932.308837890625 6125195.892015155405 56170114853.531913757324
294494271460.413635253906 5933395.134775699116 676505588710.161621093750
203467283457.163421630859 57217870.498250246048 508393121076.117248535156
46422333334.397476196289 40741553.216895662248 58802506344.582954406738
623583598546.225219726562 17132471.992452122271 33034516152.492004394531
17701022049.955341339111 7087887.827080387622 161670370581.181762695312
288176893405.209960937500 42790453.496372736990 573279703825.093261718750
44704952899.669769287109 22988823.969422437251 79836130561.400161743164
995894905619.496826171875 55596034.042240537703 36578487265.321029663086
639875327672.149780273438 16161823.674153786153 629509158517.841430664062
96808993196.142089843750 8015228.280588623136 42436243080.348098754883
977937301875.765625000000 62614574.814626350999 541749277405.933227539062
55458361306.080093383789 3224596.455456499476 154701602554.992492675781
741902945245.570190429688 16138421.294037161395 372400117050.418701171875
97157789568.282272338867 15868349.529994091019 975416078555.402587890625
175355559910.281524658203 1491035.365114568267 440243828151.125610351562
223652516761.692718505859 5559340.475415636785 346921348688.087585449219
178652198645.109222412109 50621386.500692635775 143190957041.756103515625
22585109332.564899444580 78347591.405249550939 74747427674.458541870117
312234727428.224365234375 92883416.643378511071 324212628163.138732910156
137415834318.030731201172 4416377.441990052350 101913831544.133758544922
247714926561.121734619141 2288105.968599795830 190786575110.583099365234
30028285942.064651489258 46419651.044322043657 856495131808.729248046875
58290606684.263534545898 61271712.984072506428 790390519550.731933593750
16507094725.443719863892 45197461.320008717477 769146220868.393066406250
327991923044.935668945312 32989089.489663187414 513607443695.435668945312
260942036572.369873046875 5245954.834984502755 552904406715.327148437500
311342890101.815063476562 13597449.972032319754 863308134180.087646484375
572441662448.772583007812 75909396.146220028400 494623699486.932617187500
274437335671.228881835938 10073884.903515791520 27956629858.379043579102
711463055077.497680664062 11239695.364738939330 80837509274.945648193359
443416718367.721435546875 28226633.646372944117 901777680985.499633789062
220048775538.970642089844 58859491.168836601079 529138366644.888610839844
759019616925.547851562500 2453071.651563110296 848797424954.308715820312
261176135722.170898437500 43676337.893817760050 79307755632.970916748047
22980217839.675624847412 82451702.078840643167 238783946511.389068603516
635270826388.353759765625 20630473.557341177016 794064009471.852172851562
59979718333.120040893555 12158129.965938018635 314915358153.547180175781
297726080469.838623046875 68691508.413959398866 183805825304.865844726562
202233783852.667480468750 87429870.386338472366 733584897822.421264648438
95430928172.347091674805 5995402.734166321345 139468790141.592041015625
202491096397.871459960938 72011211.627363979816 914507167282.339721679688
65578552569.111412048340 94192819.168208226562 106129305668.054748535156
47046036426.366294860840 4419447.200088496320 255747857442.457641601562
27948432193.199714660645 43895146.016417436302 188851899285.057952880859
48776213248.890625000000 12709932.662350563332 13125090191.225793838501
36884662094.439994812012 78017379.995307445526 162096271967.147003173828
442006002719.502319335938 26189819.115393083543 520127533148.947631835938
60373582485.591773986816 40332693.791182808578 228277871726.960906982422
87250257717.350097656250 7271180.363749518059 45608277656.414916992188
688860329891.114379882812 21797864.785296719521 45925129044.823081970215
133291332404.631011962891 15774928.495039615780 39726809655.749313354492
17805448714.569484710693 83562695.634053215384 756381241796.083374023438
19902386424.369125366211 56586754.663370572031 388999498321.287048339844
437742166356.864807128906 91653540.474640503526 581724558004.855224609375
969111983738.870971679688 25248332.747525051236 94515933053.506958007812
137376761245.138946533203 40615664.333764001727 245951615477.048461914062
535264318482.700866699219 93347448.645824745297 446229294583.705383300781
672599535560.912231445312 20597585.133164063096 586242374635.574218750000
981898266119.024414062500 91699401.004223376513 224728350661.137939453125
19526710041.380027770996 15036317.881754959002 153779611561.374084472656
839572705356.564086914062 18505469.904422406107 140087523050.851684570312
86099873812.839996337891 45419691.763005152345 755553392293.902099609375
355692000989.446411132812 72255335.548501834273 503311277233.590393066406
61980979526.442031860352 81917070.061928406358 109861734228.760879516602
211191896362.878021240234 55123999.723058737814 911012580022.644165039062
632600289502.210205078125 13296855.918272575364 53216574093.603691101074
14815142990.070781707764 1403257.969545609783 560828527546.140747070312
123311587699.304992675781 71498922.018140375614 314428468360.294677734375
474352072243.592895507812 28471686.661801416427 365642643106.566467285156
331432514164.290588378906 24124906.617502763867 423177992978.713012695312
576226280240.298583984375 55289229.839946381748 505211129710.023071289062
27645369054.709152221680 14653702.591679941863 128309986692.299530029297
15425116128.847881317139 44832555.303431116045 815067387542.802246093750
246027666058.297607421875 32130148.529687520117 275725336629.802551269531
246279186447.196655273438 5232867.479881669395 86175898364.238479614258
28008522430.085964202881 91278449.574315845966 689602823965.958496093750
35600296363.046463012695 20063185.518843665719 564277999798.622436523438
57887640608.235023498535 2938094.243569000158 48704526308.640396118164
12768247657.082241058350 46178023.141289822757 829401536189.092895507812
34650610674.095024108887 16219574.119738496840 141986201895.619232177734
742772251766.684936523438 35244185.926372326910 456336954706.100158691406
339014689860.102478027344 15992164.159616159275 123012068816.023712158203
886229520363.160156250000 31631224.298361059278 463793549647.114440917969
801693403656.782348632812 49337398.654309280217 650378767095.052124023438
172461787372.195373535156 76441988.034836590290 146407806832.518371582031
714921503437.635498046875 81426865.893382638693 684522911571.564086914062
114112319366.522521972656 64209726.736647844315 867221481607.442016601562
983644291865.441772460938 14878727.725715253502 302468202035.672424316406
624447337053.358764648438 15732617.001286417246 501526249171.632446289062
273442188889.000000000000 29279311.675503212959 147988318786.865020751953
604050980436.165893554688 32769496.788481857628 98150176095.811203002930
171627910942.960052490234 1500782.784147359896 975413880088.811035156250
407866168954.304077148438 52898048.049685627222 126566735122.071731567383
848946546079.000122070312 41106704.951233163476 650742296142.512084960938
19265427785.601936340332 86822818.369386643171 435778364774.982360839844
364232348034.255737304688 16867629.544203124940 890429342803.655761718750
870790818069.239746093750 82226185.088804855943 678270101263.688720703125
20777465636.936832427979 27792310.903259348124 35876094686.399879455566
270464364229.753234863281 41647534.858007416129 50286236224.581192016602
361781318102.759948730469 93560798.739932924509 123328021013.001037597656
76332712724.332519531250 30287528.122124154121 709715074208.108642578125
96325111074.636901855469 9821503.769005622715 490971683641.888671875000
50441101559.631225585938 2546198.683515187819 34902660704.761444091797
840000936694.922485351562 2278350.276008659974 109756182223.626434326172
65515653163.506057739258 7789713.654734222218 231645315966.247955322266
233738387853.330383300781 54637010.835067570210 68930424694.957855224609
29229216551.353759765625 53413237.350770875812 207388798412.557617187500
329662765879.902282714844 22794016.401433207095 207963134709.181488037109
108908742535.456512451172 66835776.820781707764 455378181885.219604492188
246013282919.502105712891 95940132.027637362480 237393917757.571716308594
53692896460.294731140137 10153292.427127458155 303679167686.781127929688
682080772347.694091796875 43119558.808859340847 77921919859.200393676758
107871731358.175674438477 68672916.462320774794 49354399122.250000000000
639528395711.167236328125 53012433.565671890974 846517210217.562622070312
205505932868.174865722656 70852275.795196771622 13344613484.756546020508
113288200034.765625000000 3050941.885933593381 650762184331.012329101562
168731444111.726226806641 48831954.066344693303 520683489260.352172851562
987888487954.233520507812 77379906.606634810567 460370899558.627807617188
888556410879.820922851562 37292866.638682641089 835244193325.136352539062
445033314483.397888183594 2802856.606751028448 264614012262.609161376953
538020281287.801025390625 11302484.233930561692 63909810843.994400024414
42482324731.558464050293 15192510.254690125585 368353171857.681518554688
480869211966.180969238281 79709988.950512200594 614446484449.244018554688
65334791219.450942993164 11644058.679363071918 718788503988.369995117188
811256467478.786254882812 11658786.553382040933 194212531652.769104003906
132673733788.307373046875 60605342.028516024351 36239452675.357131958008
706757325532.714355468750 63120040.257683873177 67890078443.104522705078
904324284456.912353515625 13841944.494137905538 193750484591.424804687500
314725877352.896362304688 1033058.186188089894 606462261014.683105468750
73526482542.144226074219 55038753.982949070632 472266875224.897583007812
338261893739.414001464844 43381720.239425614476 45567546159.975845336914
640528137711.880371093750 3441486.353962922469 228904245119.178222656250
570307335491.798217773438 14047581.283866297454 771324750497.423583984375
696917847355.395141601562 14694507.208955910057 547746568286.148620605469
844642552190.608032226562 51745465.665047697723 703875003415.417724609375
773524480400.784057617188 1877348.674410787411 385454270521.332580566406
123871992595.339035034180 84186370.666537851095 12887993285.988803863525
25093452467.356903076172 96173251.904470369220 83895454703.588638305664
55857494640.977607727051 11781038.741669168696 964597510319.119506835938
76671441334.535034179688 6648042.393048040569 493871069447.352050781250
544935962396.928466796875 10936455.159351570532 934290382172.824584960938
118518626390.907638549805 3927430.129214760382 822069666895.691772460938
189454703558.018798828125 56423480.601998865604 706816401955.245117187500
306091646067.228027343750 94518105.510785073042 911601061746.452270507812
270156426556.810577392578 17668157.779726605862 62981290511.740219116211
76710042183.145278930664 24442512.071181606501 294951439330.073791503906
249351011733.348114013672 59830796.617865301669 444860773007.745544433594
64594111356.608650207520 41975443.288908392191 491716744651.330261230469
554536162693.078857421875 23723875.034556247294 105685597138.663360595703
922201102143.398559570312 6735636.020441952161 120608514583.217941284180
16031890265.644199371338 14052081.730321208015 753210296196.072143554688
57161640094.020034790039 3431921.569090943784 841180756014.628540039062
310205014155.144165039062 6125879.779149160720 81313783508.095520019531
103940310494.653488159180 71997241.219815820456 19335072419.473323822021
175624059295.509063720703 19255869.462090060115 97275127578.393661499023
16481465738.385919570923 52449005.885982587934 241188969237.924072265625
429478613019.207641601562 30825995.075598716736 493532388966.108886718750
145610979233.064483642578 92387341.501592218876 107678261598.195587158203
247862576215.408142089844 60332954.046783901751 147128412799.729095458984
22385748507.230327606201 9089627.858906941488 427555539148.345397949219
53079624903.264961242676 11456045.231377560645 144520460792.107025146484
15636458850.113929748535 8575999.620259793475 694831222728.975463867188
383843939720.165588378906 15598414.229516526684 450278625098.017272949219
190182978867.070220947266 9167170.147022249177 222548685210.435577392578
33219481844.991378784180 88871465.579115629196 28584870489.489665985107
29623001117.502239227295 56975948.534603618085 276404556981.931884765625
509365089280.519592285156 27117708.806712884456 168203262873.579925537109
160794324221.288970947266 22253850.306065745652 38281594343.021583557129
905699771142.760009765625 1677232.050990403863 196074997176.709228515625
136197017519.537582397461 10881079.947363240644 38248884772.314834594727
702457945960.735473632812 3999898.720641102642 337918744389.452880859375
955978034081.829345703125 20224198.024276841432 309444986322.617614746094
644046443037.101806640625 60997195.747921012342 353128925343.617309570312
156550270738.964294433594 11314730.507104257122 567783834966.148315429688
13696264323.481597900391 35578143.309129223228 639733968451.366333007812
133175417904.077316284180 54882134.577215105295 81830558169.368087768555
10554546797.384975433350 64482818.541870690882 253228207577.929626464844
127892350496.160018920898 9564462.930638626218 149651634292.272247314453
137534181636.544128417969 29428441.911985460669 950383564381.640014648438
64747617765.403030395508 20144247.131696492434 502663165972.180847167969
990993917208.927001953125 33865752.372989475727 317208521786.357055664062
825371841175.050659179688 34567047.921287544072 181424944935.365173339844
14995544185.127023696899 4291574.911280187778 458895180594.900634765625
137604527922.410644531250 92720786.820983231068 745094170735.140625000000
25818662703.969421386719 2872360.734000321478 34391048977.304649353027
19089765630.455520629883 16932786.755335561931 893105553616.464355468750
663676256521.705322265625 5170746.411691900343 82740563039.800827026367
293929607585.479064941406 80780767.423443853855 101317594294.845520019531
159548653152.834716796875 7901656.965549731627 683533891670.377197265625
175995867492.480987548828 70183344.840254992247 378002914290.580993652344
23105346131.607189178467 5786138.851398724131 346463773402.486816406250
438775108647.436401367188 49439998.136707238853 70843995669.945312500000
480051234006.146240234375 69045051.465959027410 858579491186.157226562500
46932325904.412597656250 70653286.941156923771 207572497179.157531738281
11772079655.616224288940 3120166.027776688803 833052898926.243896484375
45611322232.069473266602 17268851.120435718447 24772173041.135524749756
14410157150.474596023560 72478125.990553975105 961570603886.614135742188
218770662531.064636230469 73398643.854410722852 123510323825.406753540039
286749540100.000000000000 53391264.313220061362 104641702224.787796020508
229752042447.035766601562 59703399.606006242335 36431605031.422500610352
37099411050.581474304199 22320524.748319264501 45811946099.860511779785
113555462439.447387695312 45466132.929306730628 474548054706.266357421875
969953476169.589843750000 60204902.205451242626 226477572939.766784667969
640348258563.687377929688 7213786.838329396211 315482146476.744750976562
87145918223.765625000000 2230627.768629677128 23728257827.482849121094
762891726553.713256835938 1765018.930162022589 700905427332.098632812500
432696153845.487792968750 88698576.702541142702 410235589735.234985351562
543162532107.254516601562 82573634.244672894478 316971655113.560180664062
40333696269.570068359375 51611581.467541612685 664622952367.739257812500
795545823308.400024414062 8998596.834695177153 385095186466.865234375000
372349136407.838928222656 52695811.145262800157 811925825734.055908203125
95038789743.737167358398 80320566.570389106870 290842051290.512084960938
82309038248.488311767578 23525761.932077512145 930276191324.293579101562
670681285822.476806640625 88230155.152768269181 179269135898.263305664062
396271187955.554992675781 1384462.369238603860 80433911164.995437622070
92692131557.130630493164 58675222.209408111870 103332454241.580963134766
17853764044.808483123779 34650105.589542046189 668422734110.280151367188
46289473445.812995910645 50008830.288673155010 10325663097.172901153564
471543388201.248535156250 30747654.249819427729 172203179991.164123535156
318762205724.909423828125 38186504.383938543499 13850177245.274175643921
720540584285.424438476562 78363116.852454900742 463067036145.264648437500
32729848982.561328887939 10343169.408611232415 108457918911.591003417969
98982899626.399429321289 71310994.710764065385 705655241161.160278320312
619429920019.922119140625 8993161.719440406188 791580378646.480957031250
454639239958.825744628906 25762606.338527567685 826625225057.198242187500
100513050326.836608886719 21264549.744770005345 11364171465.825424194336
669243042290.163208007812 88544212.959858790040 107316410358.667236328125
929727630980.374877929688 58676232.564504869282 407736621364.715759277344
814184000934.745361328125 73829925.481329634786 85604433287.016616821289
358627431993.720214843750 24174039.977457679808 538362451183.842041015625
137887148989.264892578125 1292215.272086861078 38172524980.677406311035
884400794395.036132812500 63740520.820158571005 540730342422.816040039062
103969577243.287033081055 44450535.897594727576 199161470235.311248779297
18424427022.818881988525 13178552.427801761776 162437020992.535705566406
438350031008.646301269531 16741247.187791887671 238813632262.670715332031
101626218670.678268432617 7581683.224755923264 279948568731.162231445312
66055215434.216468811035 7459514.072763210163 969829480077.427246093750
955704401477.025268554688 16416443.548047522083 132710263425.051620483398
44643115472.180618286133 15054724.136944731697 110864841499.948165893555
679404542654.439941406250 42873637.695852965117 561947945017.488159179688
221414197821.983398437500 89146420.048504471779 680440413816.686889648438
97895873688.884567260742 8818119.348773786798 128670252704.449584960938
246428932425.223724365234 3227455.222423041705 397242850708.482055664062
275522040316.940368652344 5066725.301270337775 232833960799.551239013672
611046586810.806762695312 60763666.949892297387 207629582472.587646484375
51628036792.569442749023 82327548.617332771420 213139690273.914855957031
366961436378.496459960938 4300831.424949159846 138714244864.493774414062
341321189865.907958984375 50090683.799618922174 72013961629.805587768555
260633345531.664398193359 15743522.782665288076 318648540119.578430175781
114148680230.871246337891 56524018.405568495393 297407167850.250000000000
974407965378.860351562500 15642631.940187495202 45049055167.131134033203
650526885249.995971679688 31030008.234449759126 610312549060.950927734375
903626905257.683837890625 2375709.513102342375 23365933496.048027038574
960288843776.477783203125 32880672.216039068997 69877691122.956527709961
165902075577.316192626953 16702849.287052804604 265999877943.097595214844
263680258650.759704589844 33483344.078083533794 469021355160.390258789062
299755762725.198059082031 1322919.622280705022 304849424083.260742187500
108065320857.341598510742 33966251.775522142649 205813640730.935668945312
63638055544.500648498535 99831436.294239431620 320953430917.350402832031
71635473315.841583251953 7425170.476955560036 168511240127.454437255859
403070760552.531677246094 22572615.498522207141 160098195861.671081542969
237049527651.646301269531 42305977.939322888851 233466115894.389221191406
214739418199.623413085938 97099780.752868399024 314484875647.619201660156
316164296397.742309570312 87396327.008244082332 34984911769.651603698730
253419931611.139221191406 13431769.371063865721 376391003468.893920898438
87780701873.598724365234 44948108.730831906199 35310027919.279129028320
824229788955.840454101562 14531380.976423520595 86081676969.097702026367
264335820326.368041992188 21354208.554991189390 429099391574.536254882812
647767211512.577636718750 1270009.585886880523 288637549606.000183105469
815514632748.846191406250 3864662.353162802756 880456862690.503540039062
166351081491.667236328125 45483380.367817826569 34741281306.977432250977
504820614827.202453613281 75381373.030678078532 974329220375.270263671875
397379362972.430297851562 26364887.663705505431 730824256363.229614257812
80956919713.197021484375 13082379.024936124682 539980024348.555541992188
213919253847.627380371094 62763350.180749818683 356909425715.860839843750
711688510555.436279296875 88913816.700567767024 21453254670.735614776611
188886763043.658325195312 15329152.571699667722 43022613766.858482360840
860507975217.047485351562 64635849.437499210238 774838789659.022705078125
533961995295.529052734375 11893788.550562817603 509682738759.503723144531
170797473717.780120849609 88568622.516972139478 883947068914.575683593750
980660622106.742309570312 7567518.427273045294 64389447693.076072692871
428245665821.613098144531 43451931.522338576615 40411105705.868766784668
828801602023.951416015625 81883707.667087659240 273936393898.184875488281
866778301790.341308593750 5904193.717320810072 111392207782.202941894531
35394719150.634643554688 57621892.462644934654 339989577271.407470703125
774624998900.764526367188 35449305.546152167022 324550701033.055236816406
594993120967.952758789062 1807969.382840550505 28830322328.783367156982
797464536489.672607421875 48733225.337536200881 866881550071.267578125000
52937073293.136390686035 84978548.629896253347 48978892458.556510925293
546293012836.675170898438 23808738.658104404807 440924266933.051269531250
424215111071.280395507812 38731775.253862209618 328467501827.272399902344
767764712892.985595703125 93502159.938059225678 264380820451.860015869141
493102659188.185302734375 38059684.182014800608 357653183603.018859863281
69912268936.574081420898 83227963.814518094063 126857952915.480072021484
358972625632.557067871094 37251713.357886150479 690755120282.137573242188
651606948829.731933593750 65899750.991673141718 997571078708.609497070312
590367535850.411132812500 82810958.414773061872 15528393289.124675750732
100447337205.249832153320 15177210.734604239464 333276307203.376220703125
171602085699.890045166016 34474899.065505042672 498907256201.003601074219
252424058744.440521240234 93039338.662720829248 144390815546.047210693359
384401140800.846435546875 24963649.523186776787 440589781860.351806640625
989075006984.339965820312 6894810.935527839698 364364019503.529968261719
803926244448.512817382812 2734885.126576416194 815386268036.432495117188
47781331912.863388061523 8885921.248320536688 865783662352.701171875000
276290347146.091552734375 55889814.347714886069 146378874340.186096191406
961983516831.917114257812 1125587.105781609891 684120950242.209960937500
113836816584.294403076172 48048539.197852730751 253595019063.702941894531
171128886196.716522216797 16732689.049287341535 488558181596.135681152344
649046043668.655761718750 20863244.639073405415 165055624915.507476806641
207885309569.692199707031 20779925.349780112505 422968621272.302917480469
144601121902.469787597656 24298898.884279172868 837204145449.868896484375
130629048399.782455444336 94077127.182325139642 870042571968.047119140625
964418999055.560058593750 1191907.101355200168 39964383531.861724853516
489094454960.411743164062 7629591.174438531511 174662372171.228179931641
358461031863.119445800781 69881099.643280714750 835122473161.326782226562
189631151006.228118896484 22118044.677485201508 236935270341.440795898438
13791755951.026248931885 49237552.919450998306 399932438850.885925292969
123353170358.890014648438 70168764.304194450378 50449969249.818435668945
16235370678.592834472656 2101526.437728062738 400862312614.955749511719
161369631399.808868408203 1982356.402100004256 34596499969.806343078613
88789947471.969223022461 4511342.398382568732 442802691830.929382324219
554552034742.440063476562 33612839.908308252692 42727263775.770561218262
591987627147.211791992188 2147033.609648402315 335985136825.777954101562
557891201329.637939453125 1201690.899888556683 495650595163.684814453125
26883154102.210563659668 16782704.433432810009 110854091027.856414794922
688328036288.458374023438 1337393.671756464522 26323890094.553764343262
286831478064.515991210938 6229679.344068154693 661101468726.546142578125
382946763104.955688476562 94523794.935524508357 52175357425.270561218262
75634261733.551910400391 22401650.129355426878 327143183353.062316894531
28770595323.098838806152 25615934.526780940592 955780067364.002563476562
473948135555.743774414062 23753147.905567213893 263758147679.766601562500
107683353791.713562011719 83781712.612807303667 303250909626.857238769531
141931125822.850585937500 1929269.940697824350 20700464805.186717987061
837272697799.332153320312 3842401.172167096753 82639205003.826019287109
169011454299.940734863281 26638411.343926385045 594770642019.352539062500
677427523266.501342773438 58336232.027805447578 140269318690.109741210938
638203123809.602416992188 84951777.057285189629 243943967586.599304199219
489682314508.572082519531 31089094.670931398869 589616156041.396850585938
405054199764.529296875000 2806621.378446759656 26239921970.432567596436
131745402426.575027465820 37938710.722327008843 987602428991.461914062500
270546805520.499603271484 9814843.358854202554 119010084047.337905883789
248749569498.991973876953 46799034.724324002862 763716279605.938842773438
568877977600.000000000000 80288402.217680990696 53943673118.919525146484
956811667837.925048828125 40391044.716269709170 468567759089.768920898438
93689989240.122039794922 33709018.244430236518 401794863496.376525878906
195662394016.931213378906 39345748.617351479828 148504239450.300476074219
874076371237.706176757812 88243511.506179109216 56370854754.422790527344
20673694584.683002471924 74746078.089849218726 21951199511.434383392334
584040543013.055175781250 56870963.916178964078 578933332820.096069335938
800019182000.671386718750 25345493.479988642037 46810477368.858680725098
839208991797.419067382812 81381328.286869585514 792547605056.039062500000
29442813061.602722167969 12638525.904463203624 441240286113.158386230469
15361880634.846916198730 11898555.251898061484 530821150308.918029785156
204157347806.685028076172 10294459.801023762673 289507514383.950622558594
676131715612.754882812500 84660390.267885595560 85378460924.173049926758
632811709540.815429687500 23912372.275975063443 15863186874.332736968994
205975765100.980926513672 24526956.129418086261 334961805295.804870605469
996548024187.150390625000 40669913.199830889702 225460296268.947235107422
21038258279.495525360107 41075814.743253894150 125691653494.254959106445
340818940711.782043457031 79635828.259669348598 565290623587.636962890625
183851953951.752075195312 4425104.098655059002 219358348765.841491699219
394919723877.873779296875 59230995.419443063438 560641061388.741210937500
293960521948.275207519531 81474746.098064064980 140872024887.125305175781
27923119176.902885437012 4712156.343970032409 14515204621.357967376709
638598585613.860595703125 41345380.065193533897 71065698274.902023315430
853108313286.445068359375 16017089.120659224689 25922881158.128963470459
304884854300.146789550781 26699834.100906766951 27963897948.569026947021
317002626629.798767089844 46642951.259660258889 756623116506.494384765625
451867034286.671325683594 34756473.726264134049 310020938173.067077636719
269886845612.297088623047 41711861.995647847652 154856944425.606231689453
462610327511.983215332031 3900233.841306940652 132429604527.993804931641
24751145870.850963592529 91067884.586973279715 988591022159.047607421875
724726691686.233642578125 1287040.514000486583 503837926210.883911132812
903678074497.906738281250 3430495.183872160036 168868770047.967041015625
394600359337.584106445312 4175877.822902461048 484213329298.854614257812
565320775003.767333984375 74849786.144212886691 120446798900.000534057617
521383213296.239685058594 89305852.513463646173 31226827353.521881103516
166900235874.268035888672 56798930.073812119663 114469903676.016128540039
495481773185.334289550781 25394727.719278514385 375104200330.485046386719
204454446958.630432128906 11393337.041411098093 801903681544.580932617188
98040544825.175811767578 12775818.578473843634 232217967281.100006103516
178301694420.169616699219 8973874.826586170122 817178074024.034667968750
459313498869.237854003906 38434064.597134537995 379923998675.581481933594
760547786114.900268554688 2919951.200055060908 156888940591.831390380859
665426998370.193969726562 59219834.655170857906 417228810058.630126953125
101489800613.980331420898 45194210.046816490591 848705229078.960083007812
530672869477.566894531250 18104348.546418659389 965044476694.433593750000
17065739413.897214889526 34466526.180819608271 735025730199.724975585938
128947930595.358444213867 32105734.387312367558 246085139320.974853515625
214569016334.402496337891 20901310.436384011060 466151198833.591491699219
281695728094.024291992188 57891152.629959538579 945912648080.285644531250
844669105429.204101562500 37904812.054694563150 17982424598.664966583252
28213414976.628036499023 7089299.985967124812 40118927867.815795898438
40263803122.163772583008 36792643.701636001468 254664644247.603393554688
990582827794.636108398438 27768086.485184021294 748578434017.458618164062
126182915097.743728637695 40087067.892938010395 33905589953.706436157227
11540768738.320899963379 18361130.215922325850 592119610940.789672851562
492005185425.840942382812 2057433.562687948579 136407714356.222518920898
494466093813.174560546875 87136022.189583420753 695662767772.895996093750
659605218659.253906250000 3601678.431138322223 88651690811.058242797852
170617730872.056091308594 12393597.422252222896 209613330409.514251708984
52285084622.862403869629 16896655.502293303609 301918588640.016052246094
12863606657.101280212402 70909117.296251535416 29447639030.684734344482
141858406723.466308593750 1083670.069527562708 89083890210.870025634766
359451155347.427001953125 17458371.643725860864 63336393649.203987121582
19323713375.257602691650 1433526.643458072795 115467792781.692489624023
254829284414.254211425781 24606069.162950247526 139059992369.025207519531
497975311595.101013183594 37545654.164263755083 452278968680.305786132812
797731161160.836914062500 1073582.120826086262 261398915850.403289794922
830562754068.552612304688 60407211.132941916585 903706948855.480590820312
96694615315.626068115234 10617041.918757667765 390726955401.870483398438
355037560942.880615234375 1805344.774740816327 774116197846.722900390625
598839826345.266601562500 3410290.253016294446 689060044914.309692382812
63811895966.547554016113 82928707.785312816501 54832538643.999168395996
203628406311.673858642578 2474933.698140840046 561598203228.870727539062
59398570759.968399047852 12647274.384316435084 232067154424.113128662109
71821567652.593444824219 59327686.244683429599 609095659224.772827148438
457165023734.921569824219 3633861.157232588157 409746596154.372375488281
177840799244.639007568359 18300623.568318296224 131018902293.800872802734
17456375353.120925903320 30502608.985597230494 882149925377.486572265625
392271751898.112182617188 10117913.281255563721 225718645514.862121582031
14547114151.970726013184 6326803.512470439076 310434790648.563049316406
864561630281.071899414062 12631193.568924902007 848566505253.476440429688
143090277931.835540771484 5385752.225789522752 394362174789.960144042969
439468529417.699096679688 55634753.014382973313 817200603144.522338867188
209488813992.270385742188 86655165.867162927985 96112399779.960006713867
274387753835.919006347656 42542549.676224999130 380930808602.213745117188
29357288341.257972717285 23236344.373403728008 675431506836.652709960938
289619329539.252197265625 52214013.494365192950 141226758383.014160156250
520426119065.979064941406 19818779.842582590878 110981956442.807006835938
27327355764.374881744385 88527651.556877806783 240620105699.167510986328
323774601518.850341796875 20358167.191686600447 156157884161.821594238281
722079785418.222778320312 13657205.029992049560 128653656613.767089843750
908001248352.089965820312 7060400.419593960047 214321113658.544647216797
120155671398.917968750000 87692661.223518565297 427140325906.150817871094
18231580223.848163604736 78367237.295588195324 668743443632.626586914062
33939234182.533679962158 35938567.870069533587 983095058598.296020507812
92329999568.873336791992 29578712.592792253941 58184304272.064437866211
908221655884.089599609375 82431276.137639105320 823926036040.208740234375
485615536246.607177734375 53790595.252531833947 95893782807.187362670898
396109483196.077758789062 79372465.680013224483 656513265496.623901367188
291658676111.422973632812 8955602.090317439288 607749471466.591796875000
145147102976.624633789062 2573080.474316353444 127990588366.144729614258
103785552097.837814331055 73148936.437039524317 501238475508.936767578125
10932328103.835077285767 6115644.423692409880 387916686968.635559082031
396575810266.963684082031 24084651.910911258310 776044811020.611083984375
28170288090.564491271973 78903016.611168980598 62486689208.784133911133
960313781535.120117187500 82906613.378975331783 490709411181.758483886719
611356016041.767456054688 95576582.906734183431 415295699769.966491699219
252913243897.897613525391 46087202.868081584573 511929561916.785888671875
608011748320.668579101562 36691093.720903716981 542714055288.481506347656
76453581076.793655395508 1740740.046740366146 15021834083.942464828491
585787246267.616455078125 89352664.429813653231 450372437019.068359375000
216835180651.677337646484 96789700.317016452551 196605321188.744171142578
674026580033.123535156250 57713185.433665081859 310914322963.098693847656
188921038894.929443359375 12164373.137084901333 959659157084.826904296875
172158230482.685211181641 1687353.482914524153 144970785619.585845947266
759556277075.016967773438 5586454.305151697248 507140968296.826293945312
839826563978.547241210938 94667012.468536496162 443629428206.655334472656
775959741550.264404296875 18345476.718244001269 745782705194.023193359375
33657006912.488525390625 90301043.495240658522 971632667424.489746093750
14168408956.827877044678 20157228.567652851343 47496688525.022499084473
396998778805.148803710938 61652792.161812633276 791048314137.643066406250
316643041535.835388183594 29306863.466154336929 122995076497.358520507812
971043721436.067016601562 73207648.405396103859 148152390964.187469482422
699212197579.784423828125 15524160.273055210710 495642546787.473388671875
10266988673.822498321533 24761270.256386458874 46912568801.679023742676
400485672019.033142089844 31834178.564392961562 47148779024.188415527344
997432993498.411621093750 16582948.037315562367 451231044545.952880859375
18838482360.729198455811 41320470.895620003343 45393483392.226226806641
62728565086.764366149902 77807469.523325994611 692378377886.272949218750
717903801047.361694335938 62679614.199297636747 163296017964.960418701172
87764057760.000076293945 10178606.856370408088 298767506428.149291992188
34957097714.957931518555 48901708.861071452498 902273285339.887573242188
746422043431.839965820312 26052651.430728040636 551921929051.157348632812
373394010737.345458984375 13455919.036184102297 239450541023.838226318359
19815469348.804897308350 19958381.124384164810 933252859469.317749023438
136046863446.686706542969 97671299.700531959534 61845651214.003875732422
675943850958.222045898438 2508241.034827852622 255655466565.097900390625
187886875463.884796142578 3399073.456657216419 237030927355.284851074219
163377726498.811462402344 83051486.138042598963 282631871037.568847656250
40307486664.890022277832 8135617.001380089670 197411847068.880920410156
279386306214.123352050781 12087817.959305524826 595854412948.916381835938
11798357841.100515365601 91343470.794227942824 533682448423.418457031250
959736119687.145385742188 2600771.487389377318 430549642413.375549316406
32294529293.863372802734 4192689.307433062233 224657945702.712036132812
65386975054.912895202637 13669447.189784403890 30259953758.685451507568
134323452122.689605712891 85469038.746245145798 58905553927.352890014648
824344219174.853515625000 1262633.167703639949 296220579293.726928710938
286696128530.895935058594 4940112.477699504234 930306727906.520874023438
284452824950.616027832031 1881121.066383708501 615706614995.722900390625
139293066137.738769531250 49709652.905332997441 507727347164.111816406250
143651522748.709899902344 1663048.635513304733 37795668804.410720825195
52004745965.431083679199 18908897.646376613528 785839003578.969726562500
872329157046.496948242188 28152151.506889209151 484508387268.578674316406
87618358543.872253417969 10065918.306840259582 360619425420.913146972656
708704315620.116821289062 27313291.764419756830 276968481708.758422851562
598366206236.078247070312 10757282.270632751286 46259764723.973892211914
277191026186.614318847656 33183393.200068175793 596161171725.267578125000
168917399659.184387207031 93959766.724328547716 917400375392.799194335938
402796650110.541076660156 12883669.315661780536 35198707185.844223022461
261543565462.543243408203 52704983.238079242408 224889914953.104003906250
10639303196.412004470825 4750825.560022099875 518276959301.702575683594
187988828490.936187744141 97289280.085758462548 634671645583.701049804688
968623771459.912231445312 10280232.272032817826 375723845324.596130371094
812445732192.736694335938 86873554.347670570016 428412184841.241271972656
317580245108.482177734375 1700356.798915290041 48301630393.189758300781
661636981515.882690429688 73169490.397303894162 511186801123.584411621094
26902452146.908905029297 6316442.552081424743 96094831129.505569458008
311218318780.346923828125 77420982.783674761653 226872526907.013366699219
514060055117.434143066406 64245715.392306245863 792191270349.023071289062
463604494890.146789550781 97624972.874278515577 173228365906.280151367188
291096575668.332275390625 91263975.684038892388 77484688768.754089355469
522442754333.664184570312 2782066.009282969404 124987175820.844528198242
331621675294.104492187500 14303420.827226048335 304930064938.782409667969
616471263398.785522460938 6080464.799842021428 27605398819.125625610352
25204559154.075843811035 78203909.081712692976 945744072394.199951171875
81952002083.305221557617 57209069.378570005298 19043112670.336227416992
181651900515.436859130859 29631573.581818807870 380941487400.930541992188
153118741372.602172851562 38332151.360304810107 806928698718.994262695312
96240679847.312408447266 35357515.876834698021 870933551004.574951171875
107173398026.298248291016 58092926.839323997498 678073776014.331787109375
737553132077.066650390625 22097351.505539640784 98540815315.948989868164
780087547051.471191406250 71472447.463133648038 305720764155.646179199219
68435312363.667839050293 29049917.845577903092 630426249717.699584960938
82853485571.438598632812 58249700.800488702953 393471748983.760253906250
714089921135.635375976562 53824503.554111883044 719632896446.251342773438
485880180247.123657226562 23106164.938074816018 54396702159.772033691406
215702986523.982757568359 10069421.697983743623 217810393709.995300292969
247644642995.186767578125 12305321.999025179073 248240339351.021850585938
834544201065.752563476562 44103746.193723216653 431593903110.292602539062
822495678794.475585937500 25440566.673305351287 823693424336.580566406250
138894026488.942352294922 44082677.407753683627 252937086170.820098876953
21878644286.090599060059 8798032.415507106110 578263539737.179321289062
29103749937.596942901611 16495241.668778901920 149761091372.407531738281
12798628817.550622940063 84036271.153501793742 320193067058.178222656250
346703225520.900634765625 85105435.905490547419 54096266933.225761413574
17272986147.053291320801 16973128.427014663815 189723265115.364959716797
74043199581.657592773438 27293721.748445209116 728469706195.079467773438
849036403564.977905273438 46902139.899087697268 516861023570.142700195312
380544543156.555664062500 41158815.906577415764 362316503377.801025390625
760361165979.426635742188 43115195.579115413129 54199571382.624191284180
132326262228.699340820312 1339028.337749766419 572729847829.288940429688
818334297642.675781250000 13710499.304136339575 284816903002.395202636719
54617304411.530113220215 95285365.709394171834 228573616577.687835693359
681618436189.070800781250 28006807.062614720315 172372559943.285034179688
190329039257.137207031250 95759929.187136054039 833519191116.089233398438
990780922358.924804687500 70117325.340270504355 348571747900.921752929688
730702285093.920043945312 24308968.504847016186 124738439867.057006835938
573814608285.437255859375 1318615.787201400846 699521780679.911010742188
658303245136.596557617188 77311300.013125494123 77920780393.557723999023
513043595345.019531250000 10467751.428659012541 250048096313.032806396484
17727575580.183364868164 3943058.858653416391 212934345302.025238037109
135866398634.354003906250 76964535.724144697189 553222030406.083007812500
88195442470.980621337891 53443791.127728611231 373214659357.872741699219
550939613986.400390625000 61681657.189816385508 245055299886.666015625000
152404634742.491058349609 30548288.998206432909 278252376053.483581542969
43733332126.775283813477 3155231.849305672571 434742119199.052917480469
35469133192.905052185059 1568851.792154659983 809439064147.539184570312
158224473295.360015869141 28527511.579671040177 13302090948.065483093262
788227443792.271118164062 35162297.964136362076 412470376942.213562011719
131552252607.560928344727 90023586.561299055815 13027294945.254978179932
372546474508.417602539062 4897695.378677587025 16671990410.883846282959
20514123631.170578002930 7947682.275899559259 642773343574.509155273438
503705391095.090759277344 20453962.408124603331 202895941353.678375244141
768422367030.373291015625 3455693.949951095972 460271727623.357482910156
317327357272.239929199219 53910419.684554547071 163283040178.693450927734
576018491973.710083007812 5840973.911298274994 149005265688.047973632812
265838407169.468780517578 56006066.385469608009 539583100670.745666503906
18158511152.390396118164 13140638.122503276914 130609506804.793151855469
838987841824.212158203125 33181779.126794818789 229275555453.307434082031
652493670179.264770507812 53913077.362107306719 98230919824.843139648438
107497260834.327011108398 42339986.803981825709 523111392307.360046386719
801268034201.592285156250 8913016.910068463534 168528769805.818237304688
968790493982.118164062500 33394979.725613880903 47124679386.018028259277
311859789370.158264160156 79855207.009340345860 946577846591.716308593750
359827875779.050109863281 52428346.737971782684 608175745708.662841796875
679914749837.941406250000 63615698.802543908358 314408673456.049133300781
196604677369.587615966797 1383527.363743360154 67039741947.874923706055
801639384902.903442382812 51738353.475375063717 123879814556.334716796875
94456582932.382614135742 14792445.287508936599 209767028306.929626464844
927671867038.103027343750 64307155.972630038857 913809454836.718872070312
839943525302.580322265625 3251843.066659827717 193681646206.272918701172
741029841838.133666992188 60670317.000911779702 773320581206.790405273438
421196800980.465270996094 95326720.751890555024 82783549350.903015136719
300172887777.968933105469 51660141.012501128018 982844793228.384155273438
71430789760.913665771484 94026231.174379527569 155517087739.189392089844
220026603920.904235839844 8719955.102908140048 61629761038.203239440918
192679947784.404052734375 93431319.183150067925 30183966280.091556549072
458304120587.640625000000 26188598.172863304615 40743690153.539566040039
282782147033.841247558594 8475396.708361970261 21195021633.180198669434
747697027971.457641601562 28161089.619227427989 117643930514.612091064453
650689752904.151123046875 75144977.905572101474 106577135793.325439453125
179344421264.433044433594 21396010.503933556378 405006468269.404296875000
516199796144.847961425781 2642469.989658408333 375797825038.767211914062
76409608034.648651123047 4652966.860948742367 679444679763.510375976562
424722909294.890014648438 28901882.636460296810 205544578144.619537353516
304800214570.076721191406 19218731.068595979363 532513422713.339843750000
231883803385.749877929688 1826262.445836128201 75700980674.924560546875
551576715028.687988281250 36366060.536489851773 86230809959.688903808594
167007226892.441345214844 29243566.573525052518 443282476020.944396972656
13095505860.746408462524 53560034.463956177235 384211639800.294067382812
193915826940.127532958984 51648895.919918552041 515573019025.198242187500
107181482994.332214355469 31677813.570909906179 248604463975.505126953125
15587870084.337665557861 18742443.053823746741 235176723637.251983642578
838742026409.617187500000 5590692.797363867983 674398413889.604736328125
254202495065.970397949219 2996319.663862563204 285946046239.949768066406
46287011303.258888244629 31336203.060177512467 24014578310.438884735107
448404809658.904602050781 45873924.950434394181 581331513676.882080078125
208549877290.938201904297 69898356.705472156405 636332080040.513671875000
417951134152.908447265625 8659663.443030972034 683451838095.331542968750
901730753286.932250976562 13836829.609354766086 42631556035.551033020020
34567280122.928398132324 10114281.439103556797 905640586968.765014648438
29622944664.354274749756 14988792.935064062476 889635209854.609985351562
35690169415.296401977539 9181482.132827522233 264537766256.522460937500
23275699644.827533721924 23845554.830800104886 277868072679.788757324219
609621844800.031250000000 93601920.092160761356 839750495466.854248046875
711904978716.476684570312 91328746.526791960001 141772390453.348510742188
22363653487.922039031982 65069154.044937528670 955129015250.508422851562
162673470744.064025878906 45331515.679802253842 25199992804.443138122559
76968195577.530624389648 8710391.327130584046 776446262289.781860351562
49293831982.312454223633 4724765.364648452029 104065369423.806030273438
978404679611.567626953125 31843410.289031766355 242989491640.967437744141
297531088752.522888183594 15156988.798469018191 835250303785.046386718750
30479954697.818645477295 18627430.099554438144 180236351287.950408935547
279182680001.024475097656 14142541.522927843034 742578915187.055053710938
66641092584.708320617676 12178591.040538115427 237261199032.811798095703
417333120467.589050292969 57513129.981878139079 398050152374.041259765625
837106030436.690063476562 53986424.433717519045 478491234044.049682617188
260533621415.703338623047 3264747.143104876857 177930894185.925109863281
420876003277.685791015625 92958818.244285613298 331174155042.019531250000
159036838678.881378173828 28685215.987335614860 320637004750.801452636719
296525264434.499572753906 5844335.453436482698 72180781206.995330810547
47003983088.160392761230 1375031.074283496011 10916829564.878688812256
360106066211.377929687500 2039515.652203854173 750153874998.549072265625
201436787457.141601562500 24689053.437744800001 312931591102.740600585938
34693303542.118225097656 5390217.942432804964 227084236665.475006103516
238469249762.261962890625 5799126.411557252519 408191996090.902587890625
16978718833.622570037842 33919918.912152893841 287924885250.178283691406
46762461398.704811096191 38572222.735076762736 268657461402.507049560547
208414854666.958526611328 2313911.864716848824 433096839331.672363281250
304635324030.084167480469 36844463.325493842363 808796995804.564941406250
767909822085.529663085938 3526511.978010902181 466254490012.203247070312
631183054404.208740234375 49065921.136507987976 866095734553.881225585938
440688055740.499633789062 10845162.617480302230 590642045238.565551757812
244718500829.134887695312 1061756.370548296720 237976247344.360473632812
85231654140.273666381836 58032072.993119813502 755036847597.244873046875
18307775606.200439453125 72455780.015635222197 173092409402.850097656250
670088595969.287231445312 84309366.221333965659 416652777789.169189453125
46338457523.998245239258 6573218.474645475857 78524922443.202178955078
527652691682.231872558594 2432856.872739240061 485223271486.292968750000
62936129191.630561828613 1501902.383222412784 951414299519.949340820312
160175452873.193542480469 5164632.446500873193 898149128368.704589843750